0
120
0 S 1 1
1 A 1.25 1.25
2 A 1.6 1.4
3 A 2 1.4
4 A 2.5 1.4
5 A 3 1.4
6 S 3.5 1.4
7 A 4 1.4
8 S 4.25 1.4
9 A 5 1.4
10 S 5.75 1.4
11 B 1 1.25
12 B 1 1.4
13 B 1 1.75
14 S 1 2
15 B 1 2.5
16 B 1 3
17 B 1 3.5
18 B 1 4
19 S 1 4.5
20 B 1 5
21 B 1 5.25
22 B 1 5.5
23 B 1 5.75
24 C 3.27 0.9
25 C 3.75 1.65
26 S 4 1.9
27 C 4.25 2.15
28 C 5 2.15
29 S 5.75 2.15
30 C 6.2 2.15
31 C 6.45 2.4
32 S 6.8 2.75
33 C 7.4 3.25
34 C 7.4 3.75
35 S 7.4 4.25
36 D 4.25 0.7
37 D 4.25 1.65
38 D 3.75 2.15
39 S 3.5 2.5
40 S 3.5 2.75
41 D 3.5 3.2
42 S 3.5 3.65
43 D 3.5 3.9
44 D 3.5 4.15
45 S 3.5 4.5
46 D 3.5 5.25
47 D 3.5 6
48 D 3.5 6.75
49 E 0.2 2
50 E 0.6 2
51 E 1.25 2.25
52 E 1.5 2.5
53 E 1.75 2.75
54 E 2.25 2.75
55 E 2.75 2.75
56 E 3.25 2.75
57 S 4 2.75
58 E 4.5 2.75
59 E 5 3.2
60 S 5 3.65
61 E 5 4.25
62 S 5 4.5
63 E 5 5
64 E 5 5.7
65 E 5 6.5
66 F 0.7 4.7
67 F 1.3 4.29
68 F 1.7 4.01
69 F 2.2 3.65
70 F 2.5 3.65
71 F 3 3.65
72 S 4 3.65
73 F 5.25 3.5
74 S 5.75 3.05
75 S 6 3.05
76 F 6.35 3.35
77 F 6.5 3.5
78 F 6.5 3.75
79 F 6.5 4
80 F 6.75 4.25
81 G 2 4.5
82 G 2.8 4.5
83 G 4.25 4.5
84 S 5.75 4.5
85 G 6.25 4.5
86 G 6.5 4.5
87 G 6.75 4.5
88 G 7.1 4.4
89 S 4 2.5
90 H 4 3.2
91 H 4.25 3.9
92 H 5.5 5
93 S 5.75 5
94 H 6.25 5.25
95 H 6.25 5.75
96 H 6.25 6.25
97 H 6.5 6.5
98 H 7.5 6.5
99 I 5.75 1.65
100 I 5.75 1.9
101 I 5.75 2.5
102 S 5.75 2.75
103 I 5.75 3.9
104 J 3.2 2.5
105 J 4.9 2.5
106 J 5.4 2.5
107 J 6.25 3.05
108 J 6.55 3.05
109 J 7.05 2.45
110 J 7.05 1.95
111 J 7.05 1.45
112 J 7.05 0.95
113 J 7.05 0.45
114 K 7.65 4.5
115 K 7.65 5
116 K 7.65 5.5
117 K 7.65 6
118 K 7.9 6.25
119 K 8.15 6.5
136
0 0 1
1 1 2
2 2 3
3 3 4
4 4 5
5 5 6
6 6 7
7 7 8
8 8 9
9 9 10
10 0 11
11 11 12
12 12 13
13 13 14
14 14 15
15 15 16
16 16 17
17 17 18
18 18 19
19 19 20
20 20 21
21 21 22
22 22 23
23 6 24
24 6 25
25 25 26
26 26 27
27 27 28
28 28 29
29 29 30
30 30 31
31 31 32
32 32 33
33 33 34
34 34 35
35 36 8
36 8 37
37 37 38
38 38 39
39 39 40
40 40 41
41 41 42
42 42 43
43 43 44
44 44 45
45 45 46
46 46 47
47 47 48
48 49 50
49 50 14
50 14 51
51 51 52
52 52 53
53 53 54
54 54 55
55 55 56
56 56 40
57 40 57
58 57 58
59 58 59
60 59 60
61 60 61
62 61 62
63 62 63
64 63 64
65 64 65
66 66 19
67 19 67
68 67 68
69 68 69
70 69 70
71 70 71
72 71 42
73 42 72
74 72 60
75 60 73
76 73 74
77 74 75
78 75 76
79 76 77
80 77 78
81 78 79
82 79 80
83 80 35
84 19 81
85 81 82
86 82 45
87 45 83
88 83 62
89 62 84
90 84 85
91 85 86
92 86 87
93 87 88
94 88 35
95 89 57
96 57 90
97 90 72
98 72 91
99 91 62
100 62 92
101 92 93
102 93 94
103 94 95
104 95 96
105 96 97
106 97 98
107 10 99
108 99 100
109 100 29
110 29 101
111 101 102
112 102 74
113 74 103
114 103 84
115 84 93
116 104 39
117 39 89
118 89 105
119 105 106
120 106 102
121 102 75
122 75 107
123 107 108
124 108 32
125 32 109
126 109 110
127 110 111
128 111 112
129 112 113
130 35 114
131 114 115
132 115 116
133 116 117
134 117 118
135 118 119
