0
42
0 B 4.1 6.5
1 A 0.3 0.6
2 A 1.2 1.1
3 A 2 1.1
4 A 1 2.1
5 A 1 2.9
6 A 1.4 3.3
7 A 1.6 4.1
8 A 2.2 4.7
9 A 2.8 5.2
10 A 3.5 5.8
11 A 3.2 6.4
12 A 4.2 5.8
13 B 3.8 4.5
14 A 3.5 3.7
15 D 2.7 3.8
16 A 3.2 3.1
17 A 3 2.7
18 A 2.7 2.2
19 A 2.7 1
20 D 3.5 2.5
21 A 4.1 2
22 A 4.5 1.3
23 B 4.1 3
24 B 4.5 2.8
25 B 4.5 2
26 B 5.5 2.8
27 B 4.2 3.9
28 B 4.5 4.7
29 B 4.7 5.3
30 B 4.8 6
31 C 5 5.5
32 C 5.5 6.3
33 C 5.6 5.6
34 C 5.8 6.1
35 B 6 5.5
36 C 6.2 5.8
37 F 6.2 6.8
38 C 6.5 5.5
39 C 6.8 5.5
40 E 7.4 4.4
41 E 7.6 3.5
49
0 1 4
1 4 2
2 2 3
3 4 5
4 5 6
5 6 7
6 7 8
7 8 9
8 9 10
9 10 11
10 10 12
11 12 13
12 13 14
13 14 15
14 15 16
15 14 16
16 16 17
17 17 18
18 18 7
19 18 19
20 17 20
21 20 21
22 21 22
23 21 23
24 16 23
25 23 24
26 24 25
27 24 26
28 23 27
29 13 27
30 27 28
31 13 28
32 28 29
33 12 29
34 29 31
35 12 31
36 12 0
37 30 0
38 30 31
39 31 32
40 31 33
41 31 35
42 33 34
43 33 36
44 36 37
45 36 38
46 38 39
47 39 40
48 40 41