136
0 2
1 3
2 2
3 3
4 2
5 3
6 4
7 2
8 5
9 6
10 3
11 2
12 4
13 3
14 5
15 4
16 4
17 4
18 4
19 4
20 2
21 2
22 2
23 6
24 3
25 3
26 2
27 7
28 6
29 5
30 3
31 4
32 6
33 4
34 4
35 6
36 3
37 3
38 2
39 6
40 2
41 4
42 4
43 2
44 2
45 4
46 5
47 5
48 5
49 4
50 4
51 2
52 2
53 2
54 2
55 2
56 3
57 5
58 6
59 4
60 4
61 5
62 3
63 3
64 3
65 4
66 4
67 4
68 3
69 3
70 3
71 3
72 3
73 5
74 7
75 3
76 7
77 2
78 4
79 3
80 3
81 3
82 3
83 3
84 5
85 6
86 5
87 6
88 6
89 6
90 4
91 3
92 3
93 3
94 2
95 2
96 4
97 4
98 4
99 3
100 5
101 4
102 5
103 5
104 4
105 4
106 4
107 1
108 2
109 4
110 3
111 3
112 2
113 7
114 6
115 4
116 3
117 5
118 5
119 4
120 4
121 3
122 3
123 3
124 3
125 4
126 5
127 5
128 5
129 5
130 4
131 4
132 5
133 3
134 3
135 3
